{"mesh_name": "teapot", "images": {"phong": [{"posn": 1, "image_path": "data/renders/001-teapot_2020-08-25T00:45:24/phong/1_phong.png", "render_type": "phong", "R": [[[-1.0, 0.0, 0.0], [0.0, 0.5877852439880371, -0.80901700258255], [-0.0, -0.80901700258255, -0.5877852439880371]]], "T": [[-0.0, -0.0, 2.0]], "extension": "png"}, {"posn": 2, "image_path": "data/renders/001-teapot_2020-08-25T00:45:24/phong/2_phong.png", "render_type": "phong", "R": [[[-0.9987568855285645, -0.040453627705574036, -0.02912244200706482], [0.0, 0.5842496156692505, -0.8115740418434143], [0.04984588548541069, -0.810565173625946, -0.5835233926773071]]], "T": [[-0.0, 5.960464477539063e-08, 2.000000238418579]], "extension": "png"}, {"posn": 3, "image_path": "data/renders/001-teapot_2020-08-25T00:45:24/phong/3_phong.png", "render_type": "phong", "R": [[[-0.9950307607650757, -0.08105973154306412, -0.057819344103336334], [0.0, 0.5807029604911804, -0.8141155242919922], [0.09956784546375275, -0.8100699782371521, -0.5778173208236694]]], "T": [[-0.0, -0.0, 2.0]], "extension": "png"}, {"posn": 4, "image_path": "data/renders/001-teapot_2020-08-25T00:45:24/phong/4_phong.png", "render_type": "phong", "R": [[[-0.9888308048248291, -0.12171411514282227, -0.08601903170347214], [0.0, 0.5771452188491821, -0.816641628742218], [0.1490422636270523, -0.8075203895568848, -0.5706989765167236]]], "T": [[1.4901161193847656e-08, -5.960464477539063e-08, 2.0]], "extension": "png"}, {"posn": 5, "image_path": "data/renders/001-teapot_2020-08-25T00:45:24/phong/5_phong.png", "render_type": "phong", "R": [[[-0.9801724553108215, -0.16231179237365723, -0.11365195363759995], [0.0, 0.5735764503479004, -0.8191520571708679], [0.19814610481262207, -0.8029102683067322, -0.5622038841247559]]], "T": [[1.4901161193847656e-08, -5.960464477539063e-08, 2.0]], "extension": "png"}, {"posn": 6, "image_path": "data/renders/001-teapot_2020-08-25T00:45:24/phong/6_phong.png", "render_type": "phong", "R": [[[-0.9690773487091064, -0.20274747908115387, -0.1406508982181549], [0.0, 0.56999671459198, -0.8216469883918762], [0.2467574030160904, -0.7962394952774048, -0.5523708462715149]]], "T": [[2.9802322387695312e-08, 5.960464477539063e-08, 2.0]], "extension": "png"}, {"posn": 7, "image_path": "data/renders/001-teapot_2020-08-25T00:45:24/phong/7_phong.png", "render_type": "phong", "R": [[[-0.9555728435516357, -0.24291545152664185, -0.16695116460323334], [0.0, 0.56640625, -0.8241261839866638], [0.29475516080856323, -0.7875126004219055, -0.5412424206733704]]], "T": [[-0.0, 5.960464477539063e-08, 2.0]], "extension": "png"}, {"posn": 8, "image_path": "data/renders/001-teapot_2020-08-25T00:45:24/phong/8_phong.png", "render_type": "phong", "R": [[[-0.9396926760673523, -0.28271031379699707, -0.1924906075000763], [0.0, 0.5628049373626709, -0.8265897631645203], [0.3420201241970062, -0.7767402529716492, -0.5288636684417725]]], "T": [[-2.9802322387695312e-08, -5.960464477539063e-08, 2.000000238418579]], "extension": "png"}, {"posn": 9, "image_path": "data/renders/001-teapot_2020-08-25T00:45:24/phong/9_phong.png", "render_type": "phong", "R": [[[-0.9214763045310974, -0.3220270276069641, -0.21720997989177704], [0.0, 0.5591928958892822, -0.829037606716156], [0.3884347975254059, -0.7639383673667908, -0.5152829885482788]]], "T": [[-0.0, -0.0, 2.000000238418579]], "extension": "png"}, {"posn": 10, "image_path": "data/renders/001-teapot_2020-08-25T00:45:24/phong/10_phong.png", "render_type": "phong", "R": [[[-0.9009688496589661, -0.3510192930698395, -0.25503045320510864], [0.0, 0.5877852439880371, -0.80901700258255], [0.4338836967945099, -0.7288991212844849, -0.5295762419700623]]], "T": [[-2.9802322387695312e-08, -0.0, 2.0]], "extension": "png"}, {"posn": 11, "image_path": "data/renders/001-teapot_2020-08-25T00:45:24/phong/11_phong.png", "render_type": "phong", "R": [[[-0.8782215714454651, -0.38813844323158264, -0.2794197201728821], [0.0, 0.5842496156692505, -0.8115740418434143], [0.47825396060943604, -0.7127417922019958, -0.5131006836891174]]], "T": [[-0.0, -0.0, 2.000000238418579]], "extension": "png"}, {"posn": 12, "image_path": "data/renders/001-teapot_2020-08-25T00:45:24/phong/12_phong.png", "render_type": "phong", "R": [[[-0.853290855884552, -0.4245084822177887, -0.30279895663261414], [0.0, 0.5807029008865356, -0.8141155242919922], [0.5214352011680603, -0.6946773529052734, -0.4955085217952728]]], "T": [[-0.0, 5.960464477539063e-08, 2.0]], "extension": "png"}, {"posn": 13, "image_path": "data/renders/001-teapot_2020-08-25T00:45:24/phong/13_phong.png", "render_type": "phong", "R": [[[-0.8262388110160828, -0.46003055572509766, -0.32511743903160095], [0.0, 0.5771451592445374, -0.8166415691375732], [0.5633200407028198, -0.6747409701347351, -0.4768597185611725]]], "T": [[-0.0, -0.0, 1.9999998807907104]], "extension": "png"}, {"posn": 14, "image_path": "data/renders/001-teapot_2020-08-25T00:45:24/phong/14_phong.png", "render_type": "phong", "R": [[[-0.7971324920654297, -0.4946075975894928, -0.3463279902935028], [0.0, 0.5735765099525452, -0.8191520571708679], [0.603804349899292, -0.6529727578163147, -0.4572164714336395]]], "T": [[-0.0, -0.0, 2.0]], "extension": "png"}, {"posn": 15, "image_path": "data/renders/001-teapot_2020-08-25T00:45:24/phong/15_phong.png", "render_type": "phong", "R": [[[-0.7660444378852844, -0.5281444787979126, -0.3663868308067322], [0.0, 0.56999671459198, -0.8216469883918762], [0.6427875757217407, -0.629418134689331, -0.4366428554058075]]], "T": [[-5.960464477539063e-08, 1.1920928955078125e-07, 2.000000238418579]], "extension": "png"}, {"posn": 16, "image_path": "data/renders/001-teapot_2020-08-25T00:45:24/phong/16_phong.png", "render_type": "phong", "R": [[[-0.7330518960952759, -0.5605481863021851, -0.3852540850639343], [0.0, 0.56640625, -0.8241261839866638], [0.6801727414131165, -0.6041272878646851, -0.415205180644989]]], "T": [[-0.0, 1.1920928955078125e-07, 2.0]], "extension": "png"}, {"posn": 17, "image_path": "data/renders/001-teapot_2020-08-25T00:45:24/phong/17_phong.png", "render_type": "phong", "R": [[[-0.6982368230819702, -0.5917282104492188, -0.40289339423179626], [0.0, 0.5628049373626709, -0.8265897631645203], [0.7158668637275696, -0.5771554112434387, -0.39297112822532654]]], "T": [[-0.0, -0.0, 2.000000238418579]], "extension": "png"}, {"posn": 18, "image_path": "data/renders/001-teapot_2020-08-25T00:45:24/phong/18_phong.png", "render_type": "phong", "R": [[[-0.6616858243942261, -0.6215968132019043, -0.41927236318588257], [0.0, 0.5591928958892822, -0.829037606716156], [0.7497812509536743, -0.5485623478889465, -0.37001001834869385]]], "T": [[-0.0, -2.9802322387695312e-08, 2.000000238418579]], "extension": "png"}, {"posn": 19, "image_path": "data/renders/001-teapot_2020-08-25T00:45:24/phong/19_phong.png", "render_type": "phong", "R": [[[-0.6234897971153259, -0.6325149536132812, -0.4595490097999573], [0.0, 0.5877852439880371, -0.80901700258255], [0.7818313837051392, -0.504413902759552, -0.3664781451225281]]], "T": [[-0.0, 2.9802322387695312e-08, 2.0]], "extension": "png"}, {"posn": 20, "image_path": "data/renders/001-teapot_2020-08-25T00:45:24/phong/20_phong.png", "render_type": "phong", "R": [[[-0.583743691444397, -0.658947765827179, -0.4743745028972626], [0.0, 0.5842496752738953, -0.8115740418434143], [0.8119379878044128, -0.4737512171268463, -0.3410520553588867]]], "T": [[5.960464477539063e-08, -5.960464477539063e-08, 2.000000238418579]], "extension": "png"}, {"posn": 21, "image_path": "data/renders/001-teapot_2020-08-25T00:45:24/phong/21_phong.png", "render_type": "phong", "R": [[[-0.542546272277832, -0.6838781237602234, -0.4878055155277252], [0.0, 0.5807029604911804, -0.8141155242919922], [0.8400259017944336, -0.44169533252716064, -0.31505823135375977]]], "T": [[-5.960464477539063e-08, -8.940696716308594e-08, 2.0]], "extension": "png"}, {"posn": 22, "image_path": "data/renders/001-teapot_2020-08-25T00:45:24/phong/22_phong.png", "render_type": "phong", "R": [[[-0.4999999403953552, -0.7072323560714722, -0.4998224079608917], [0.0, 0.5771451592445374, -0.8166415691375732], [0.866025447845459, -0.40832072496414185, -0.2885725498199463]]], "T": [[-0.0, 4.470348358154297e-08, 2.0]], "extension": "png"}, {"posn": 23, "image_path": "data/renders/001-teapot_2020-08-25T00:45:24/phong/23_phong.png", "render_type": "phong", "R": [[[-0.4562106132507324, -0.7289403080940247, -0.5104095339775085], [0.0, 0.5735764503479004, -0.8191520571708679], [0.8898717761039734, -0.3737058639526367, -0.26167169213294983]]], "T": [[-0.0, -0.0, 2.0]], "extension": "png"}, {"posn": 24, "image_path": "data/renders/001-teapot_2020-08-25T00:45:24/phong/24_phong.png", "render_type": "phong", "R": [[[-0.4112870693206787, -0.7489360570907593, -0.5195553302764893], [0.0, 0.56999671459198, -0.8216469883918762], [0.9115058183670044, -0.337932825088501, -0.23443228006362915]]], "T": [[-0.0, 2.9802322387695312e-08, 2.0]], "extension": "png"}, {"posn": 25, "image_path": "data/renders/001-teapot_2020-08-25T00:45:24/phong/25_phong.png", "render_type": "phong", "R": [[[-0.36534109711647034, -0.7671573758125305, -0.527252733707428], [0.0, 0.5664063096046448, -0.8241261839866638], [0.9308738112449646, -0.3010871410369873, -0.2069314867258072]]], "T": [[-2.9802322387695312e-08, -5.21540641784668e-08, 2.000000238418579]], "extension": "png"}, {"posn": 26, "image_path": "data/renders/001-teapot_2020-08-25T00:45:24/phong/26_phong.png", "render_type": "phong", "R": [[[-0.31848660111427307, -0.783547043800354, -0.5334981679916382], [0.0, 0.5628049373626709, -0.8265897631645203], [0.9479272961616516, -0.26325780153274536, -0.17924582958221436]]], "T": [[2.9802322387695312e-08, -5.960464477539063e-08, 2.0]], "extension": "png"}, {"posn": 27, "image_path": "data/renders/001-teapot_2020-08-25T00:45:24/phong/27_phong.png", "render_type": "phong", "R": [[[-0.27084052562713623, -0.7980515956878662, -0.538292646408081], [0.0, 0.5591928958892822, -0.829037606716156], [0.9626242518424988, -0.2245369553565979, -0.15145209431648254]]], "T": [[-0.0, -6.705522537231445e-08, 2.000000238418579]], "extension": "png"}, {"posn": 28, "image_path": "data/renders/001-teapot_2020-08-25T00:45:24/phong/28_phong.png", "render_type": "phong", "R": [[[-0.2225208580493927, -0.7887333035469055, -0.5730482339859009], [0.0, 0.5877852439880371, -0.80901700258255], [0.9749279022216797, -0.1800231784582138, -0.1307944804430008]]], "T": [[-0.0, -3.725290298461914e-09, 2.0]], "extension": "png"}, {"posn": 29, "image_path": "data/renders/001-teapot_2020-08-25T00:45:24/phong/29_phong.png", "render_type": "phong", "R": [[[-0.17364822328090668, -0.7992444038391113, -0.5753735899925232], [0.0, 0.5842496156692505, -0.8115740418434143], [0.9848077297210693, -0.14092838764190674, -0.10145391523838043]]], "T": [[-0.0, 2.60770320892334e-08, 2.000000238418579]], "extension": "png"}, {"posn": 30, "image_path": "data/renders/001-teapot_2020-08-25T00:45:24/phong/30_phong.png", "render_type": "phong", "R": [[[-0.12434374541044235, -0.807797372341156, -0.5761962532997131], [0.0, 0.5807030200958252, -0.8141155242919922], [0.992239236831665, -0.10123017430305481, -0.0722067803144455]]], "T": [[-0.0, -4.284083843231201e-08, 2.000000238418579]], "extension": "png"}, {"posn": 31, "image_path": "data/renders/001-teapot_2020-08-25T00:45:24/phong/31_phong.png", "render_type": "phong", "R": [[[-0.07473012804985046, -0.8143580555915833, -0.5755313634872437], [0.0, 0.5771451592445374, -0.816641628742218], [0.9972038269042969, -0.06102772429585457, -0.04313012957572937]]], "T": [[-0.0, -7.497146725654602e-08, 2.0]], "extension": "png"}, {"posn": 32, "image_path": "data/renders/001-teapot_2020-08-25T00:45:24/phong/32_phong.png", "render_type": "phong", "R": [[[-0.024930711835622787, -0.8188974261283875, -0.5733981728553772], [0.0, 0.5735764503479004, -0.8191520571708679], [0.9996891617774963, -0.020422043278813362, -0.014299669302999973]]], "T": [[1.862645149230957e-09, -6.85686245560646e-08, 2.0]], "extension": "png"}, {"posn": 33, "image_path": "data/renders/001-teapot_2020-08-25T00:45:24/phong/33_phong.png", "render_type": "phong", "R": [[[0.02493068017065525, -0.8213916420936584, -0.5698195099830627], [-0.0, 0.56999671459198, -0.8216469883918762], [0.9996892213821411, 0.02048421837389469, 0.014210404828190804]]], "T": [[1.862645149230957e-09, 1.949956640601158e-08, 2.0]], "extension": "png"}, {"posn": 34, "image_path": "data/renders/001-teapot_2020-08-25T00:45:24/phong/34_phong.png", "render_type": "phong", "R": [[[0.07473009079694748, -0.8218218088150024, -0.5648224949836731], [-0.0, 0.5664063096046448, -0.8241261839866638], [0.9972038269042969, 0.061587024480104446, 0.04232759028673172]]], "T": [[-7.450580596923828e-09, 4.237517714500427e-08, 2.0]], "extension": "png"}, {"posn": 35, "image_path": "data/renders/001-teapot_2020-08-25T00:45:24/phong/35_phong.png", "render_type": "phong", "R": [[[0.12434370815753937, -0.8201747536659241, -0.5584371089935303], [-0.0, 0.5628049373626709, -0.8265897631645203], [0.9922391772270203, 0.10278123617172241, 0.06998125463724136]]], "T": [[-0.0, -6.146728992462158e-08, 2.0]], "extension": "png"}, {"posn": 36, "image_path": "data/renders/001-teapot_2020-08-25T00:45:24/phong/36_phong.png", "render_type": "phong", "R": [[[0.1736481934785843, -0.8164426684379578, -0.5506975054740906], [-0.0, 0.559192955493927, -0.829037606716156], [0.9848077893257141, 0.1439608782529831, 0.09710283577442169]]], "T": [[-0.0, -7.636845111846924e-08, 2.000000238418579]], "extension": "png"}, {"posn": 37, "image_path": "data/renders/001-teapot_2020-08-25T00:45:24/phong/37_phong.png", "render_type": "phong", "R": [[[0.22252081334590912, -0.7887333035469055, -0.5730482935905457], [-0.0, 0.5877853035926819, -0.80901700258255], [0.9749279022216797, 0.18002313375473022, 0.1307944655418396]]], "T": [[-0.0, -2.2351741790771484e-08, 2.000000238418579]], "extension": "png"}, {"posn": 38, "image_path": "data/renders/001-teapot_2020-08-25T00:45:24/phong/38_phong.png", "render_type": "phong", "R": [[[0.27084046602249146, -0.7812407612800598, -0.5624129176139832], [-0.0, 0.5842496156692505, -0.8115740418434143], [0.9626242518424988, 0.21980705857276917, 0.1582384556531906]]], "T": [[-0.0, -7.450580596923828e-09, 2.000000238418579]], "extension": "png"}, {"posn": 39, "image_path": "data/renders/001-teapot_2020-08-25T00:45:24/phong/39_phong.png", "render_type": "phong", "R": [[[0.3184865415096283, -0.7717223763465881, -0.5504642128944397], [-0.0, 0.5807029604911804, -0.8141155242919922], [0.9479273557662964, 0.2592848241329193, 0.18494607508182526]]], "T": [[-0.0, -8.940696716308594e-08, 2.0]], "extension": "png"}, {"posn": 40, "image_path": "data/renders/001-teapot_2020-08-25T00:45:24/phong/40_phong.png", "render_type": "phong", "R": [[[0.36534103751182556, -0.7601901888847351, -0.5372492671012878], [-0.0, 0.5771451592445374, -0.8166415691375732], [0.9308737516403198, 0.2983526885509491, 0.21085481345653534]]], "T": [[2.9802322387695312e-08, 1.4901161193847656e-08, 1.9999998807907104]], "extension": "png"}, {"posn": 41, "image_path": "data/renders/001-teapot_2020-08-25T00:45:24/phong/41_phong.png", "render_type": "phong", "R": [[[0.41128700971603394, -0.7466619610786438, -0.5228183269500732], [-0.0, 0.5735765099525452, -0.8191520571708679], [0.911505937576294, 0.3369066119194031, 0.2359045445919037]]], "T": [[-0.0, -2.9802322387695312e-08, 2.0]], "extension": "png"}, {"posn": 42, "image_path": "data/renders/001-teapot_2020-08-25T00:45:24/phong/42_phong.png", "render_type": "phong", "R": [[[0.45621055364608765, -0.7311605215072632, -0.5072240233421326], [-0.0, 0.56999671459198, -0.8216469883918762], [0.8898718357086182, 0.3748440146446228, 0.2600385248661041]]], "T": [[2.9802322387695312e-08, -1.4901161193847656e-08, 2.0]], "extension": "png"}, {"posn": 43, "image_path": "data/renders/001-teapot_2020-08-25T00:45:24/phong/43_phong.png", "render_type": "phong", "R": [[[0.5000000596046448, -0.7137141823768616, -0.49052220582962036], [-0.0, 0.5664063096046448, -0.8241261839866638], [0.8660253882408142, 0.4120631515979767, 0.2832031548023224]]], "T": [[-2.9802322387695312e-08, -4.470348358154297e-08, 2.0]], "extension": "png"}, {"posn": 44, "image_path": "data/renders/001-teapot_2020-08-25T00:45:24/phong/44_phong.png", "render_type": "phong", "R": [[[0.5425462126731873, -0.6943568587303162, -0.4727707505226135], [-0.0, 0.5628049373626709, -0.8265897631645203], [0.8400259613990784, 0.4484631419181824, 0.3053476810455322]]], "T": [[-0.0, 2.9802322387695312e-08, 2.0]], "extension": "png"}, {"posn": 45, "image_path": "data/renders/001-teapot_2020-08-25T00:45:24/phong/45_phong.png", "render_type": "phong", "R": [[[0.5837437510490417, -0.6731271147727966, -0.45402994751930237], [-0.0, 0.5591928958892822, -0.829037606716156], [0.8119379878044128, 0.4839455187320709, 0.32642534375190735]]], "T": [[-0.0, 2.9802322387695312e-08, 2.000000238418579]], "extension": "png"}, {"posn": 46, "image_path": "data/renders/001-teapot_2020-08-25T00:45:24/phong/46_phong.png", "render_type": "phong", "R": [[[0.6234897971153259, -0.6325149536132812, -0.4595490097999573], [-0.0, 0.5877852439880371, -0.80901700258255], [0.7818315029144287, 0.5044138431549072, 0.3664781153202057]]], "T": [[5.960464477539063e-08, -2.9802322387695312e-08, 2.0]], "extension": "png"}, {"posn": 47, "image_path": "data/renders/001-teapot_2020-08-25T00:45:24/phong/47_phong.png", "render_type": "phong", "R": [[[0.6616859436035156, -0.6085028648376465, -0.43805938959121704], [-0.0, 0.5842496156692505, -0.8115740418434143], [0.7497811317443848, 0.5370070934295654, 0.38658979535102844]]], "T": [[-0.0, 5.960464477539063e-08, 2.000000238418579]], "extension": "png"}, {"posn": 48, "image_path": "data/renders/001-teapot_2020-08-25T00:45:24/phong/48_phong.png", "render_type": "phong", "R": [[[0.6982370018959045, -0.582798182964325, -0.4157058894634247], [-0.0, 0.5807029604911804, -0.8141155242919922], [0.7158666849136353, 0.5684455633163452, 0.40546828508377075]]], "T": [[-0.0, -5.960464477539063e-08, 2.0]], "extension": "png"}, {"posn": 49, "image_path": "data/renders/001-teapot_2020-08-25T00:45:24/phong/49_phong.png", "render_type": "phong", "R": [[[0.7330517768859863, -0.5554574131965637, -0.3925584852695465], [-0.0, 0.5771451592445374, -0.8166415691375732], [0.680172860622406, 0.5986405611038208, 0.4230772852897644]]], "T": [[-0.0, 5.960464477539063e-08, 2.0]], "extension": "png"}, {"posn": 50, "image_path": "data/renders/001-teapot_2020-08-25T00:45:24/phong/50_phong.png", "render_type": "phong", "R": [[[0.7660444378852844, -0.5265408158302307, -0.36868783831596375], [-0.0, 0.5735764503479004, -0.8191520571708679], [0.6427876353263855, 0.6275068521499634, 0.4393850564956665]]], "T": [[-0.0, -0.0, 2.0]], "extension": "png"}, {"posn": 51, "image_path": "data/renders/001-teapot_2020-08-25T00:45:24/phong/51_phong.png", "render_type": "phong", "R": [[[0.7971325516700745, -0.49611401557922363, -0.34416648745536804], [-0.0, 0.56999671459198, -0.8216469883918762], [0.603804349899292, 0.6549615859985352, 0.4543629288673401]]], "T": [[-0.0, -0.0, 2.0]], "extension": "png"}, {"posn": 52, "image_path": "data/renders/001-teapot_2020-08-25T00:45:24/phong/52_phong.png", "render_type": "phong", "R": [[[0.8262386322021484, -0.4642469882965088, -0.31906813383102417], [-0.0, 0.56640625, -0.8241261839866638], [0.5633202791213989, 0.6809248924255371, 0.46798673272132874]]], "T": [[-0.0, -0.0, 2.0]], "extension": "png"}, {"posn": 53, "image_path": "data/renders/001-teapot_2020-08-25T00:45:24/phong/53_phong.png", "render_type": "phong", "R": [[[0.8532907962799072, -0.4310131072998047, -0.29346635937690735], [-0.0, 0.5628048777580261, -0.8265897631645203], [0.5214353203773499, 0.7053214311599731, 0.4802362620830536]]], "T": [[-0.0, 5.960464477539063e-08, 2.0]], "extension": "png"}, {"posn": 54, "image_path": "data/renders/001-teapot_2020-08-25T00:45:24/phong/54_phong.png", "render_type": "phong", "R": [[[0.8782215714454651, -0.3964904844760895, -0.2674362063407898], [-0.0, 0.5591928958892822, -0.829037606716156], [0.47825393080711365, 0.7280787229537964, 0.49109527468681335]]], "T": [[-0.0, -0.0, 2.0]], "extension": "png"}, {"posn": 55, "image_path": "data/renders/001-teapot_2020-08-25T00:45:24/phong/55_phong.png", "render_type": "phong", "R": [[[0.9009689092636108, -0.3510192334651947, -0.25503039360046387], [-0.0, 0.5877852439880371, -0.80901700258255], [0.4338836371898651, 0.7288991808891296, 0.5295762419700623]]], "T": [[-0.0, -0.0, 2.0]], "extension": "png"}, {"posn": 56, "image_path": "data/renders/001-teapot_2020-08-25T00:45:24/phong/56_phong.png", "render_type": "phong", "R": [[[0.9214761853218079, -0.31524375081062317, -0.2269430160522461], [-0.0, 0.5842496156692505, -0.8115740418434143], [0.388435035943985, 0.7478460669517517, 0.5383720993995667]]], "T": [[-0.0, -5.960464477539063e-08, 2.0]], "extension": "png"}, {"posn": 57, "image_path": "data/renders/001-teapot_2020-08-25T00:45:24/phong/57_phong.png", "render_type": "phong", "R": [[[0.9396926760673523, -0.27844393253326416, -0.19861215353012085], [-0.0, 0.5807029604911804, -0.8141155242919922], [0.3420202136039734, 0.7650182843208313, 0.5456823110580444]]], "T": [[-2.9802322387695312e-08, -0.0, 2.0]], "extension": "png"}, {"posn": 58, "image_path": "data/renders/001-teapot_2020-08-25T00:45:24/phong/58_phong.png", "render_type": "phong", "R": [[[0.9555728435516357, -0.24070928990840912, -0.17011649906635284], [-0.0, 0.5771452188491821, -0.8166415691375732], [0.29475513100624084, 0.7803605198860168, 0.5515042543411255]]], "T": [[-0.0, -0.0, 2.0]], "extension": "png"}, {"posn": 59, "image_path": "data/renders/001-teapot_2020-08-25T00:45:24/phong/59_phong.png", "render_type": "phong", "R": [[[0.9690772891044617, -0.20213188230991364, -0.14153426885604858], [-0.0, 0.5735764503479004, -0.8191520571708679], [0.24675746262073517, 0.7938216328620911, 0.5558398962020874]]], "T": [[-0.0, -0.0, 2.0]], "extension": "png"}, {"posn": 60, "image_path": "data/renders/001-teapot_2020-08-25T00:45:24/phong/60_phong.png", "render_type": "phong", "R": [[[0.9801724553108215, -0.16280631721019745, -0.11294274777173996], [-0.0, 0.56999671459198, -0.8216469883918762], [0.19814631342887878, 0.8053557276725769, 0.5586950778961182]]], "T": [[-0.0, -0.0, 2.0]], "extension": "png"}, {"posn": 61, "image_path": "data/renders/001-teapot_2020-08-25T00:45:24/phong/61_phong.png", "render_type": "phong", "R": [[[0.9888308048248291, -0.12282968312501907, -0.08441850543022156], [-0.0, 0.56640625, -0.8241261839866638], [0.14904232323169708, 0.8149213790893555, 0.5600799322128296]]], "T": [[-1.4901161193847656e-08, -5.960464477539063e-08, 2.0]], "extension": "png"}, {"posn": 62, "image_path": "data/renders/001-teapot_2020-08-25T00:45:24/phong/62_phong.png", "render_type": "phong", "R": [[[0.9950307607650757, -0.08230169862508774, -0.05603723227977753], [-0.0, 0.5628049373626709, -0.8265897631645203], [0.09956777095794678, 0.8224822282791138, 0.5600082278251648]]], "T": [[-0.0, -0.0, 2.0]], "extension": "png"}, {"posn": 63, "image_path": "data/renders/001-teapot_2020-08-25T00:45:24/phong/63_phong.png", "render_type": "phong", "R": [[[0.9987569451332092, -0.04132414609193802, -0.027873488143086433], [-0.0, 0.5591928958892822, -0.829037606716156], [0.04984592646360397, 0.8280070424079895, 0.5584977865219116]]], "T": [[-0.0, 5.960464477539063e-08, 2.000000238418579]], "extension": "png"}, {"posn": 64, "image_path": "data/renders/001-teapot_2020-08-25T00:45:24/phong/64_phong.png", "render_type": "phong", "R": [[[1.0, 7.07265144228586e-08, 5.138581826713562e-08], [0.0, 0.5877852439880371, -0.80901700258255], [-8.742277657347586e-08, 0.80901700258255, 0.5877852439880371]]], "T": [[-0.0, -0.0, 2.0]], "extension": "png"}], "silhouette": [{"posn": 1, "image_path": "data/renders/001-teapot_2020-08-25T00:45:24/silhouette/1_silhouette.png", "render_type": "silhouette", "R": [[[-1.0, 0.0, 0.0], [0.0, 0.5877852439880371, -0.80901700258255], [-0.0, -0.80901700258255, -0.5877852439880371]]], "T": [[-0.0, -0.0, 2.0]], "extension": "png"}, {"posn": 2, "image_path": "data/renders/001-teapot_2020-08-25T00:45:24/silhouette/2_silhouette.png", "render_type": "silhouette", "R": [[[-0.9987568855285645, -0.040453627705574036, -0.02912244200706482], [0.0, 0.5842496156692505, -0.8115740418434143], [0.04984588548541069, -0.810565173625946, -0.5835233926773071]]], "T": [[-0.0, 5.960464477539063e-08, 2.000000238418579]], "extension": "png"}, {"posn": 3, "image_path": "data/renders/001-teapot_2020-08-25T00:45:24/silhouette/3_silhouette.png", "render_type": "silhouette", "R": [[[-0.9950307607650757, -0.08105973154306412, -0.057819344103336334], [0.0, 0.5807029604911804, -0.8141155242919922], [0.09956784546375275, -0.8100699782371521, -0.5778173208236694]]], "T": [[-0.0, -0.0, 2.0]], "extension": "png"}, {"posn": 4, "image_path": "data/renders/001-teapot_2020-08-25T00:45:24/silhouette/4_silhouette.png", "render_type": "silhouette", "R": [[[-0.9888308048248291, -0.12171411514282227, -0.08601903170347214], [0.0, 0.5771452188491821, -0.816641628742218], [0.1490422636270523, -0.8075203895568848, -0.5706989765167236]]], "T": [[1.4901161193847656e-08, -5.960464477539063e-08, 2.0]], "extension": "png"}, {"posn": 5, "image_path": "data/renders/001-teapot_2020-08-25T00:45:24/silhouette/5_silhouette.png", "render_type": "silhouette", "R": [[[-0.9801724553108215, -0.16231179237365723, -0.11365195363759995], [0.0, 0.5735764503479004, -0.8191520571708679], [0.19814610481262207, -0.8029102683067322, -0.5622038841247559]]], "T": [[1.4901161193847656e-08, -5.960464477539063e-08, 2.0]], "extension": "png"}, {"posn": 6, "image_path": "data/renders/001-teapot_2020-08-25T00:45:24/silhouette/6_silhouette.png", "render_type": "silhouette", "R": [[[-0.9690773487091064, -0.20274747908115387, -0.1406508982181549], [0.0, 0.56999671459198, -0.8216469883918762], [0.2467574030160904, -0.7962394952774048, -0.5523708462715149]]], "T": [[2.9802322387695312e-08, 5.960464477539063e-08, 2.0]], "extension": "png"}, {"posn": 7, "image_path": "data/renders/001-teapot_2020-08-25T00:45:24/silhouette/7_silhouette.png", "render_type": "silhouette", "R": [[[-0.9555728435516357, -0.24291545152664185, -0.16695116460323334], [0.0, 0.56640625, -0.8241261839866638], [0.29475516080856323, -0.7875126004219055, -0.5412424206733704]]], "T": [[-0.0, 5.960464477539063e-08, 2.0]], "extension": "png"}, {"posn": 8, "image_path": "data/renders/001-teapot_2020-08-25T00:45:24/silhouette/8_silhouette.png", "render_type": "silhouette", "R": [[[-0.9396926760673523, -0.28271031379699707, -0.1924906075000763], [0.0, 0.5628049373626709, -0.8265897631645203], [0.3420201241970062, -0.7767402529716492, -0.5288636684417725]]], "T": [[-2.9802322387695312e-08, -5.960464477539063e-08, 2.000000238418579]], "extension": "png"}, {"posn": 9, "image_path": "data/renders/001-teapot_2020-08-25T00:45:24/silhouette/9_silhouette.png", "render_type": "silhouette", "R": [[[-0.9214763045310974, -0.3220270276069641, -0.21720997989177704], [0.0, 0.5591928958892822, -0.829037606716156], [0.3884347975254059, -0.7639383673667908, -0.5152829885482788]]], "T": [[-0.0, -0.0, 2.000000238418579]], "extension": "png"}, {"posn": 10, "image_path": "data/renders/001-teapot_2020-08-25T00:45:24/silhouette/10_silhouette.png", "render_type": "silhouette", "R": [[[-0.9009688496589661, -0.3510192930698395, -0.25503045320510864], [0.0, 0.5877852439880371, -0.80901700258255], [0.4338836967945099, -0.7288991212844849, -0.5295762419700623]]], "T": [[-2.9802322387695312e-08, -0.0, 2.0]], "extension": "png"}, {"posn": 11, "image_path": "data/renders/001-teapot_2020-08-25T00:45:24/silhouette/11_silhouette.png", "render_type": "silhouette", "R": [[[-0.8782215714454651, -0.38813844323158264, -0.2794197201728821], [0.0, 0.5842496156692505, -0.8115740418434143], [0.47825396060943604, -0.7127417922019958, -0.5131006836891174]]], "T": [[-0.0, -0.0, 2.000000238418579]], "extension": "png"}, {"posn": 12, "image_path": "data/renders/001-teapot_2020-08-25T00:45:24/silhouette/12_silhouette.png", "render_type": "silhouette", "R": [[[-0.853290855884552, -0.4245084822177887, -0.30279895663261414], [0.0, 0.5807029008865356, -0.8141155242919922], [0.5214352011680603, -0.6946773529052734, -0.4955085217952728]]], "T": [[-0.0, 5.960464477539063e-08, 2.0]], "extension": "png"}, {"posn": 13, "image_path": "data/renders/001-teapot_2020-08-25T00:45:24/silhouette/13_silhouette.png", "render_type": "silhouette", "R": [[[-0.8262388110160828, -0.46003055572509766, -0.32511743903160095], [0.0, 0.5771451592445374, -0.8166415691375732], [0.5633200407028198, -0.6747409701347351, -0.4768597185611725]]], "T": [[-0.0, -0.0, 1.9999998807907104]], "extension": "png"}, {"posn": 14, "image_path": "data/renders/001-teapot_2020-08-25T00:45:24/silhouette/14_silhouette.png", "render_type": "silhouette", "R": [[[-0.7971324920654297, -0.4946075975894928, -0.3463279902935028], [0.0, 0.5735765099525452, -0.8191520571708679], [0.603804349899292, -0.6529727578163147, -0.4572164714336395]]], "T": [[-0.0, -0.0, 2.0]], "extension": "png"}, {"posn": 15, "image_path": "data/renders/001-teapot_2020-08-25T00:45:24/silhouette/15_silhouette.png", "render_type": "silhouette", "R": [[[-0.7660444378852844, -0.5281444787979126, -0.3663868308067322], [0.0, 0.56999671459198, -0.8216469883918762], [0.6427875757217407, -0.629418134689331, -0.4366428554058075]]], "T": [[-5.960464477539063e-08, 1.1920928955078125e-07, 2.000000238418579]], "extension": "png"}, {"posn": 16, "image_path": "data/renders/001-teapot_2020-08-25T00:45:24/silhouette/16_silhouette.png", "render_type": "silhouette", "R": [[[-0.7330518960952759, -0.5605481863021851, -0.3852540850639343], [0.0, 0.56640625, -0.8241261839866638], [0.6801727414131165, -0.6041272878646851, -0.415205180644989]]], "T": [[-0.0, 1.1920928955078125e-07, 2.0]], "extension": "png"}, {"posn": 17, "image_path": "data/renders/001-teapot_2020-08-25T00:45:24/silhouette/17_silhouette.png", "render_type": "silhouette", "R": [[[-0.6982368230819702, -0.5917282104492188, -0.40289339423179626], [0.0, 0.5628049373626709, -0.8265897631645203], [0.7158668637275696, -0.5771554112434387, -0.39297112822532654]]], "T": [[-0.0, -0.0, 2.000000238418579]], "extension": "png"}, {"posn": 18, "image_path": "data/renders/001-teapot_2020-08-25T00:45:24/silhouette/18_silhouette.png", "render_type": "silhouette", "R": [[[-0.6616858243942261, -0.6215968132019043, -0.41927236318588257], [0.0, 0.5591928958892822, -0.829037606716156], [0.7497812509536743, -0.5485623478889465, -0.37001001834869385]]], "T": [[-0.0, -2.9802322387695312e-08, 2.000000238418579]], "extension": "png"}, {"posn": 19, "image_path": "data/renders/001-teapot_2020-08-25T00:45:24/silhouette/19_silhouette.png", "render_type": "silhouette", "R": [[[-0.6234897971153259, -0.6325149536132812, -0.4595490097999573], [0.0, 0.5877852439880371, -0.80901700258255], [0.7818313837051392, -0.504413902759552, -0.3664781451225281]]], "T": [[-0.0, 2.9802322387695312e-08, 2.0]], "extension": "png"}, {"posn": 20, "image_path": "data/renders/001-teapot_2020-08-25T00:45:24/silhouette/20_silhouette.png", "render_type": "silhouette", "R": [[[-0.583743691444397, -0.658947765827179, -0.4743745028972626], [0.0, 0.5842496752738953, -0.8115740418434143], [0.8119379878044128, -0.4737512171268463, -0.3410520553588867]]], "T": [[5.960464477539063e-08, -5.960464477539063e-08, 2.000000238418579]], "extension": "png"}, {"posn": 21, "image_path": "data/renders/001-teapot_2020-08-25T00:45:24/silhouette/21_silhouette.png", "render_type": "silhouette", "R": [[[-0.542546272277832, -0.6838781237602234, -0.4878055155277252], [0.0, 0.5807029604911804, -0.8141155242919922], [0.8400259017944336, -0.44169533252716064, -0.31505823135375977]]], "T": [[-5.960464477539063e-08, -8.940696716308594e-08, 2.0]], "extension": "png"}, {"posn": 22, "image_path": "data/renders/001-teapot_2020-08-25T00:45:24/silhouette/22_silhouette.png", "render_type": "silhouette", "R": [[[-0.4999999403953552, -0.7072323560714722, -0.4998224079608917], [0.0, 0.5771451592445374, -0.8166415691375732], [0.866025447845459, -0.40832072496414185, -0.2885725498199463]]], "T": [[-0.0, 4.470348358154297e-08, 2.0]], "extension": "png"}, {"posn": 23, "image_path": "data/renders/001-teapot_2020-08-25T00:45:24/silhouette/23_silhouette.png", "render_type": "silhouette", "R": [[[-0.4562106132507324, -0.7289403080940247, -0.5104095339775085], [0.0, 0.5735764503479004, -0.8191520571708679], [0.8898717761039734, -0.3737058639526367, -0.26167169213294983]]], "T": [[-0.0, -0.0, 2.0]], "extension": "png"}, {"posn": 24, "image_path": "data/renders/001-teapot_2020-08-25T00:45:24/silhouette/24_silhouette.png", "render_type": "silhouette", "R": [[[-0.4112870693206787, -0.7489360570907593, -0.5195553302764893], [0.0, 0.56999671459198, -0.8216469883918762], [0.9115058183670044, -0.337932825088501, -0.23443228006362915]]], "T": [[-0.0, 2.9802322387695312e-08, 2.0]], "extension": "png"}, {"posn": 25, "image_path": "data/renders/001-teapot_2020-08-25T00:45:24/silhouette/25_silhouette.png", "render_type": "silhouette", "R": [[[-0.36534109711647034, -0.7671573758125305, -0.527252733707428], [0.0, 0.5664063096046448, -0.8241261839866638], [0.9308738112449646, -0.3010871410369873, -0.2069314867258072]]], "T": [[-2.9802322387695312e-08, -5.21540641784668e-08, 2.000000238418579]], "extension": "png"}, {"posn": 26, "image_path": "data/renders/001-teapot_2020-08-25T00:45:24/silhouette/26_silhouette.png", "render_type": "silhouette", "R": [[[-0.31848660111427307, -0.783547043800354, -0.5334981679916382], [0.0, 0.5628049373626709, -0.8265897631645203], [0.9479272961616516, -0.26325780153274536, -0.17924582958221436]]], "T": [[2.9802322387695312e-08, -5.960464477539063e-08, 2.0]], "extension": "png"}, {"posn": 27, "image_path": "data/renders/001-teapot_2020-08-25T00:45:24/silhouette/27_silhouette.png", "render_type": "silhouette", "R": [[[-0.27084052562713623, -0.7980515956878662, -0.538292646408081], [0.0, 0.5591928958892822, -0.829037606716156], [0.9626242518424988, -0.2245369553565979, -0.15145209431648254]]], "T": [[-0.0, -6.705522537231445e-08, 2.000000238418579]], "extension": "png"}, {"posn": 28, "image_path": "data/renders/001-teapot_2020-08-25T00:45:24/silhouette/28_silhouette.png", "render_type": "silhouette", "R": [[[-0.2225208580493927, -0.7887333035469055, -0.5730482339859009], [0.0, 0.5877852439880371, -0.80901700258255], [0.9749279022216797, -0.1800231784582138, -0.1307944804430008]]], "T": [[-0.0, -3.725290298461914e-09, 2.0]], "extension": "png"}, {"posn": 29, "image_path": "data/renders/001-teapot_2020-08-25T00:45:24/silhouette/29_silhouette.png", "render_type": "silhouette", "R": [[[-0.17364822328090668, -0.7992444038391113, -0.5753735899925232], [0.0, 0.5842496156692505, -0.8115740418434143], [0.9848077297210693, -0.14092838764190674, -0.10145391523838043]]], "T": [[-0.0, 2.60770320892334e-08, 2.000000238418579]], "extension": "png"}, {"posn": 30, "image_path": "data/renders/001-teapot_2020-08-25T00:45:24/silhouette/30_silhouette.png", "render_type": "silhouette", "R": [[[-0.12434374541044235, -0.807797372341156, -0.5761962532997131], [0.0, 0.5807030200958252, -0.8141155242919922], [0.992239236831665, -0.10123017430305481, -0.0722067803144455]]], "T": [[-0.0, -4.284083843231201e-08, 2.000000238418579]], "extension": "png"}, {"posn": 31, "image_path": "data/renders/001-teapot_2020-08-25T00:45:24/silhouette/31_silhouette.png", "render_type": "silhouette", "R": [[[-0.07473012804985046, -0.8143580555915833, -0.5755313634872437], [0.0, 0.5771451592445374, -0.816641628742218], [0.9972038269042969, -0.06102772429585457, -0.04313012957572937]]], "T": [[-0.0, -7.497146725654602e-08, 2.0]], "extension": "png"}, {"posn": 32, "image_path": "data/renders/001-teapot_2020-08-25T00:45:24/silhouette/32_silhouette.png", "render_type": "silhouette", "R": [[[-0.024930711835622787, -0.8188974261283875, -0.5733981728553772], [0.0, 0.5735764503479004, -0.8191520571708679], [0.9996891617774963, -0.020422043278813362, -0.014299669302999973]]], "T": [[1.862645149230957e-09, -6.85686245560646e-08, 2.0]], "extension": "png"}, {"posn": 33, "image_path": "data/renders/001-teapot_2020-08-25T00:45:24/silhouette/33_silhouette.png", "render_type": "silhouette", "R": [[[0.02493068017065525, -0.8213916420936584, -0.5698195099830627], [-0.0, 0.56999671459198, -0.8216469883918762], [0.9996892213821411, 0.02048421837389469, 0.014210404828190804]]], "T": [[1.862645149230957e-09, 1.949956640601158e-08, 2.0]], "extension": "png"}, {"posn": 34, "image_path": "data/renders/001-teapot_2020-08-25T00:45:24/silhouette/34_silhouette.png", "render_type": "silhouette", "R": [[[0.07473009079694748, -0.8218218088150024, -0.5648224949836731], [-0.0, 0.5664063096046448, -0.8241261839866638], [0.9972038269042969, 0.061587024480104446, 0.04232759028673172]]], "T": [[-7.450580596923828e-09, 4.237517714500427e-08, 2.0]], "extension": "png"}, {"posn": 35, "image_path": "data/renders/001-teapot_2020-08-25T00:45:24/silhouette/35_silhouette.png", "render_type": "silhouette", "R": [[[0.12434370815753937, -0.8201747536659241, -0.5584371089935303], [-0.0, 0.5628049373626709, -0.8265897631645203], [0.9922391772270203, 0.10278123617172241, 0.06998125463724136]]], "T": [[-0.0, -6.146728992462158e-08, 2.0]], "extension": "png"}, {"posn": 36, "image_path": "data/renders/001-teapot_2020-08-25T00:45:24/silhouette/36_silhouette.png", "render_type": "silhouette", "R": [[[0.1736481934785843, -0.8164426684379578, -0.5506975054740906], [-0.0, 0.559192955493927, -0.829037606716156], [0.9848077893257141, 0.1439608782529831, 0.09710283577442169]]], "T": [[-0.0, -7.636845111846924e-08, 2.000000238418579]], "extension": "png"}, {"posn": 37, "image_path": "data/renders/001-teapot_2020-08-25T00:45:24/silhouette/37_silhouette.png", "render_type": "silhouette", "R": [[[0.22252081334590912, -0.7887333035469055, -0.5730482935905457], [-0.0, 0.5877853035926819, -0.80901700258255], [0.9749279022216797, 0.18002313375473022, 0.1307944655418396]]], "T": [[-0.0, -2.2351741790771484e-08, 2.000000238418579]], "extension": "png"}, {"posn": 38, "image_path": "data/renders/001-teapot_2020-08-25T00:45:24/silhouette/38_silhouette.png", "render_type": "silhouette", "R": [[[0.27084046602249146, -0.7812407612800598, -0.5624129176139832], [-0.0, 0.5842496156692505, -0.8115740418434143], [0.9626242518424988, 0.21980705857276917, 0.1582384556531906]]], "T": [[-0.0, -7.450580596923828e-09, 2.000000238418579]], "extension": "png"}, {"posn": 39, "image_path": "data/renders/001-teapot_2020-08-25T00:45:24/silhouette/39_silhouette.png", "render_type": "silhouette", "R": [[[0.3184865415096283, -0.7717223763465881, -0.5504642128944397], [-0.0, 0.5807029604911804, -0.8141155242919922], [0.9479273557662964, 0.2592848241329193, 0.18494607508182526]]], "T": [[-0.0, -8.940696716308594e-08, 2.0]], "extension": "png"}, {"posn": 40, "image_path": "data/renders/001-teapot_2020-08-25T00:45:24/silhouette/40_silhouette.png", "render_type": "silhouette", "R": [[[0.36534103751182556, -0.7601901888847351, -0.5372492671012878], [-0.0, 0.5771451592445374, -0.8166415691375732], [0.9308737516403198, 0.2983526885509491, 0.21085481345653534]]], "T": [[2.9802322387695312e-08, 1.4901161193847656e-08, 1.9999998807907104]], "extension": "png"}, {"posn": 41, "image_path": "data/renders/001-teapot_2020-08-25T00:45:24/silhouette/41_silhouette.png", "render_type": "silhouette", "R": [[[0.41128700971603394, -0.7466619610786438, -0.5228183269500732], [-0.0, 0.5735765099525452, -0.8191520571708679], [0.911505937576294, 0.3369066119194031, 0.2359045445919037]]], "T": [[-0.0, -2.9802322387695312e-08, 2.0]], "extension": "png"}, {"posn": 42, "image_path": "data/renders/001-teapot_2020-08-25T00:45:24/silhouette/42_silhouette.png", "render_type": "silhouette", "R": [[[0.45621055364608765, -0.7311605215072632, -0.5072240233421326], [-0.0, 0.56999671459198, -0.8216469883918762], [0.8898718357086182, 0.3748440146446228, 0.2600385248661041]]], "T": [[2.98