{"mesh_name": "teapot", "images": {"phong": [{"posn": 1, "image_path": "data/renders/005-teapot_2020-08-25T00:52:05/phong/1_phong.png", "render_type": "phong", "R": [[[-1.0, 0.0, 0.0], [0.0, 0.5877852439880371, -0.80901700258255], [-0.0, -0.80901700258255, -0.5877852439880371]]], "T": [[-0.0, -5.960464477539063e-08, 1.5]], "extension": "png"}, {"posn": 2, "image_path": "data/renders/005-teapot_2020-08-25T00:52:05/phong/2_phong.png", "render_type": "phong", "R": [[[-0.9987568855285645, -0.040453627705574036, -0.02912244014441967], [0.0, 0.5842496156692505, -0.8115739822387695], [0.04984588548541069, -0.810565173625946, -0.5835233330726624]]], "T": [[-0.0, 5.960464477539063e-08, 1.5]], "extension": "png"}, {"posn": 3, "image_path": "data/renders/005-teapot_2020-08-25T00:52:05/phong/3_phong.png", "render_type": "phong", "R": [[[-0.9950307607650757, -0.08105973899364471, -0.057819340378046036], [0.0, 0.5807029604911804, -0.8141155242919922], [0.09956785291433334, -0.8100700378417969, -0.5778172612190247]]], "T": [[-7.450580596923828e-09, -0.0, 1.5]], "extension": "png"}, {"posn": 4, "image_path": "data/renders/005-teapot_2020-08-25T00:52:05/phong/4_phong.png", "render_type": "phong", "R": [[[-0.9888308048248291, -0.12171411514282227, -0.08601901680231094], [0.0, 0.5771452188491821, -0.8166415691375732], [0.1490422636270523, -0.8075203895568848, -0.5706989169120789]]], "T": [[-1.4901161193847656e-08, -5.960464477539063e-08, 1.4999998807907104]], "extension": "png"}, {"posn": 5, "image_path": "data/renders/005-teapot_2020-08-25T00:52:05/phong/5_phong.png", "render_type": "phong", "R": [[[-0.9801724553108215, -0.16231180727481842, -0.11365196108818054], [0.0, 0.5735764503479004, -0.8191520571708679], [0.19814611971378326, -0.8029102683067322, -0.5622038841247559]]], "T": [[-0.0, -0.0, 1.5000001192092896]], "extension": "png"}, {"posn": 6, "image_path": "data/renders/005-teapot_2020-08-25T00:52:05/phong/6_phong.png", "render_type": "phong", "R": [[[-0.9690773487091064, -0.20274744927883148, -0.1406508833169937], [0.0, 0.56999671459198, -0.8216469287872314], [0.2467573881149292, -0.79623943567276, -0.5523708462715149]]], "T": [[-0.0, -5.960464477539063e-08, 1.5]], "extension": "png"}, {"posn": 7, "image_path": "data/renders/005-teapot_2020-08-25T00:52:05/phong/7_phong.png", "render_type": "phong", "R": [[[-0.9555728435516357, -0.24291545152664185, -0.16695116460323334], [0.0, 0.56640625, -0.8241261839866638], [0.29475516080856323, -0.7875126004219055, -0.5412424206733704]]], "T": [[-1.4901161193847656e-08, 5.960464477539063e-08, 1.5000001192092896]], "extension": "png"}, {"posn": 8, "image_path": "data/renders/005-teapot_2020-08-25T00:52:05/phong/8_phong.png", "render_type": "phong", "R": [[[-0.9396926760673523, -0.28271034359931946, -0.1924906224012375], [0.0, 0.5628048777580261, -0.8265897631645203], [0.342020183801651, -0.7767402529716492, -0.5288636088371277]]], "T": [[-2.9802322387695312e-08, 5.960464477539063e-08, 1.4999998807907104]], "extension": "png"}, {"posn": 9, "image_path": "data/renders/005-teapot_2020-08-25T00:52:05/phong/9_phong.png", "render_type": "phong", "R": [[[-0.9214763045310974, -0.3220270276069641, -0.21720997989177704], [0.0, 0.5591928958892822, -0.829037606716156], [0.3884347975254059, -0.7639383673667908, -0.5152829885482788]]], "T": [[-0.0, -0.0, 1.5]], "extension": "png"}, {"posn": 10, "image_path": "data/renders/005-teapot_2020-08-25T00:52:05/phong/10_phong.png", "render_type": "phong", "R": [[[-0.9009688496589661, -0.3510192930698395, -0.25503045320510864], [0.0, 0.5877852439880371, -0.80901700258255], [0.4338836967945099, -0.7288991212844849, -0.5295762419700623]]], "T": [[-0.0, -5.960464477539063e-08, 1.5]], "extension": "png"}, {"posn": 11, "image_path": "data/renders/005-teapot_2020-08-25T00:52:05/phong/11_phong.png", "render_type": "phong", "R": [[[-0.8782215714454651, -0.3881385028362274, -0.2794196903705597], [0.0, 0.5842496752738953, -0.8115739822387695], [0.47825396060943604, -0.7127418518066406, -0.5131006240844727]]], "T": [[-0.0, -0.0, 1.5000001192092896]], "extension": "png"}, {"posn": 12, "image_path": "data/renders/005-teapot_2020-08-25T00:52:05/phong/12_phong.png", "render_type": "phong", "R": [[[-0.853290855884552, -0.4245084822177887, -0.30279895663261414], [0.0, 0.5807029008865356, -0.8141155242919922], [0.5214352011680603, -0.6946773529052734, -0.4955085217952728]]], "T": [[-2.9802322387695312e-08, -0.0, 1.5]], "extension": "png"}, {"posn": 13, "image_path": "data/renders/005-teapot_2020-08-25T00:52:05/phong/13_phong.png", "render_type": "phong", "R": [[[-0.8262388110160828, -0.46003055572509766, -0.32511743903160095], [0.0, 0.5771451592445374, -0.8166415691375732], [0.5633200407028198, -0.6747409701347351, -0.4768597185611725]]], "T": [[2.9802322387695312e-08, -0.0, 1.5]], "extension": "png"}, {"posn": 14, "image_path": "data/renders/005-teapot_2020-08-25T00:52:05/phong/14_phong.png", "render_type": "phong", "R": [[[-0.7971324920654297, -0.4946075975894928, -0.3463279902935028], [0.0, 0.5735765099525452, -0.8191520571708679], [0.603804349899292, -0.6529727578163147, -0.4572164714336395]]], "T": [[-0.0, -2.9802322387695312e-08, 1.5000001192092896]], "extension": "png"}, {"posn": 15, "image_path": "data/renders/005-teapot_2020-08-25T00:52:05/phong/15_phong.png", "render_type": "phong", "R": [[[-0.7660444378852844, -0.5281445384025574, -0.3663868308067322], [0.0, 0.5699967741966248, -0.8216469287872314], [0.6427876353263855, -0.629418134689331, -0.4366428256034851]]], "T": [[-0.0, -2.9802322387695312e-08, 1.5]], "extension": "png"}, {"posn": 16, "image_path": "data/renders/005-teapot_2020-08-25T00:52:05/phong/16_phong.png", "render_type": "phong", "R": [[[-0.7330518364906311, -0.5605481863021851, -0.3852541148662567], [0.0, 0.56640625, -0.8241261839866638], [0.6801728010177612, -0.6041272282600403, -0.4152051508426666]]], "T": [[-2.9802322387695312e-08, 5.960464477539063e-08, 1.5]], "extension": "png"}, {"posn": 17, "image_path": "data/renders/005-teapot_2020-08-25T00:52:05/phong/17_phong.png", "render_type": "phong", "R": [[[-0.6982368230819702, -0.5917282104492188, -0.40289342403411865], [0.0, 0.5628049373626709, -0.8265897631645203], [0.7158669233322144, -0.577155351638794, -0.39297112822532654]]], "T": [[-0.0, 2.9802322387695312e-08, 1.5]], "extension": "png"}, {"posn": 18, "image_path": "data/renders/005-teapot_2020-08-25T00:52:05/phong/18_phong.png", "render_type": "phong", "R": [[[-0.6616858243942261, -0.6215968728065491, -0.4192723333835602], [0.0, 0.5591928958892822, -0.829037606716156], [0.7497812509536743, -0.5485624074935913, -0.37001001834869385]]], "T": [[-2.9802322387695312e-08, 2.9802322387695312e-08, 1.5]], "extension": "png"}, {"posn": 19, "image_path": "data/renders/005-teapot_2020-08-25T00:52:05/phong/19_phong.png", "render_type": "phong", "R": [[[-0.6234897375106812, -0.6325149536132812, -0.45954903960227966], [0.0, 0.5877852439880371, -0.80901700258255], [0.7818314433097839, -0.5044137835502625, -0.3664781153202057]]], "T": [[-2.9802322387695312e-08, -5.960464477539063e-08, 1.5]], "extension": "png"}, {"posn": 20, "image_path": "data/renders/005-teapot_2020-08-25T00:52:05/phong/20_phong.png", "render_type": "phong", "R": [[[-0.5837437510490417, -0.658947765827179, -0.4743744432926178], [0.0, 0.5842496156692505, -0.8115739822387695], [0.8119380474090576, -0.4737512469291687, -0.34105202555656433]]], "T": [[-0.0, 4.470348358154297e-08, 1.5]], "extension": "png"}, {"posn": 21, "image_path": "data/renders/005-teapot_2020-08-25T00:52:05/phong/21_phong.png", "render_type": "phong", "R": [[[-0.5425462126731873, -0.6838781833648682, -0.4878055155277252], [0.0, 0.5807029604911804, -0.8141155242919922], [0.8400259017944336, -0.44169533252716064, -0.3150582015514374]]], "T": [[-2.9802322387695312e-08, 2.9802322387695312e-08, 1.5]], "extension": "png"}, {"posn": 22, "image_path": "data/renders/005-teapot_2020-08-25T00:52:05/phong/22_phong.png", "render_type": "phong", "R": [[[-0.5, -0.7072323560714722, -0.4998224079608917], [0.0, 0.5771452188491821, -0.8166415691375732], [0.866025447845459, -0.4083207845687866, -0.2885725796222687]]], "T": [[2.9802322387695312e-08, -2.9802322387695312e-08, 1.5]], "extension": "png"}, {"posn": 23, "image_path": "data/renders/005-teapot_2020-08-25T00:52:05/phong/23_phong.png", "render_type": "phong", "R": [[[-0.4562106132507324, -0.7289403080940247, -0.5104095339775085], [0.0, 0.5735764503479004, -0.8191520571708679], [0.8898717761039734, -0.3737058639526367, -0.26167169213294983]]], "T": [[-0.0, -1.4901161193847656e-08, 1.5]], "extension": "png"}, {"posn": 24, "image_path": "data/renders/005-teapot_2020-08-25T00:52:05/phong/24_phong.png", "render_type": "phong", "R": [[[-0.4112870395183563, -0.7489359974861145, -0.5195553302764893], [0.0, 0.56999671459198, -0.8216469287872314], [0.9115058183670044, -0.3379327654838562, -0.23443226516246796]]], "T": [[-0.0, -8.195638656616211e-08, 1.5]], "extension": "png"}, {"posn": 25, "image_path": "data/renders/005-teapot_2020-08-25T00:52:05/phong/25_phong.png", "render_type": "phong", "R": [[[-0.36534106731414795, -0.7671573758125305, -0.527252733707428], [0.0, 0.5664063096046448, -0.8241261839866638], [0.9308738112449646, -0.3010871112346649, -0.206931471824646]]], "T": [[-2.9802322387695312e-08, -8.940696716308594e-08, 1.5]], "extension": "png"}, {"posn": 26, "image_path": "data/renders/005-teapot_2020-08-25T00:52:05/phong/26_phong.png", "render_type": "phong", "R": [[[-0.31848660111427307, -0.7835469841957092, -0.533498227596283], [0.0, 0.5628049373626709, -0.8265897631645203], [0.9479274153709412, -0.2632577419281006, -0.17924582958221436]]], "T": [[-0.0, 7.450580596923828e-09, 1.5]], "extension": "png"}, {"posn": 27, "image_path": "data/renders/005-teapot_2020-08-25T00:52:05/phong/27_phong.png", "render_type": "phong", "R": [[[-0.27084052562713623, -0.7980515956878662, -0.538292646408081], [0.0, 0.5591928958892822, -0.829037606716156], [0.9626242518424988, -0.2245369553565979, -0.15145209431648254]]], "T": [[-0.0, -6.332993507385254e-08, 1.5000001192092896]], "extension": "png"}, {"posn": 28, "image_path": "data/renders/005-teapot_2020-08-25T00:52:05/phong/28_phong.png", "render_type": "phong", "R": [[[-0.2225208580493927, -0.7887333035469055, -0.5730482339859009], [0.0, 0.5877852439880371, -0.80901700258255], [0.9749279022216797, -0.1800231784582138, -0.1307944804430008]]], "T": [[-0.0, -3.3527612686157227e-08, 1.5]], "extension": "png"}, {"posn": 29, "image_path": "data/renders/005-teapot_2020-08-25T00:52:05/phong/29_phong.png", "render_type": "phong", "R": [[[-0.17364822328090668, -0.7992444038391113, -0.5753735303878784], [0.0, 0.5842496156692505, -0.8115739822387695], [0.9848077893257141, -0.14092837274074554, -0.10145390033721924]]], "T": [[-1.4901161193847656e-08, 1.6763806343078613e-08, 1.5000001192092896]], "extension": "png"}, {"posn": 30, "image_path": "data/renders/005-teapot_2020-08-25T00:52:05/phong/30_phong.png", "render_type": "phong", "R": [[[-0.12434374541044235, -0.807797372341156, -0.5761961936950684], [0.0, 0.5807029604911804, -0.8141155242919922], [0.992239236831665, -0.10123017430305481, -0.0722067728638649]]], "T": [[-7.450580596923828e-09, -1.7695128917694092e-08, 1.4999998807907104]], "extension": "png"}, {"posn": 31, "image_path": "data/renders/005-teapot_2020-08-25T00:52:05/phong/31_phong.png", "render_type": "phong", "R": [[[-0.07473012804985046, -0.814358115196228, -0.5755313634872437], [0.0, 0.5771452188491821, -0.8166415691375732], [0.9972038269042969, -0.06102772802114487, -0.04313012957572937]]], "T": [[7.450580596923828e-09, -1.1175870895385742e-08, 1.5]], "extension": "png"}, {"posn": 32, "image_path": "data/renders/005-teapot_2020-08-25T00:52:05/phong/32_phong.png", "render_type": "phong", "R": [[[-0.024930711835622787, -0.8188974261283875, -0.5733981728553772], [0.0, 0.5735764503479004, -0.8191520571708679], [0.9996891617774963, -0.020422043278813362, -0.014299669302999973]]], "T": [[-1.862645149230957e-09, -5.1426468417048454e-08, 1.5000001192092896]], "extension": "png"}, {"posn": 33, "image_path": "data/renders/005-teapot_2020-08-25T00:52:05/phong/33_phong.png", "render_type": "phong", "R": [[[0.02493068017065525, -0.8213916420936584, -0.5698195099830627], [-0.0, 0.56999671459198, -0.8216469883918762], [0.9996892213821411, 0.02048421837389469, 0.014210403896868229]]], "T": [[-0.0, -3.009336069226265e-08, 1.5000001192092896]], "extension": "png"}, {"posn": 34, "image_path": "data/renders/005-teapot_2020-08-25T00:52:05/phong/34_phong.png", "render_type": "phong", "R": [[[0.07473009824752808, -0.8218218088150024, -0.5648224949836731], [-0.0, 0.5664063096046448, -0.8241261839866638], [0.9972038269042969, 0.06158703193068504, 0.04232759401202202]]], "T": [[-0.0, -5.681067705154419e-08, 1.5]], "extension": "png"}, {"posn": 35, "image_path": "data/renders/005-teapot_2020-08-25T00:52:05/phong/35_phong.png", "render_type": "phong", "R": [[[0.12434370815753937, -0.8201747536659241, -0.5584371089935303], [-0.0, 0.5628049373626709, -0.8265897631645203], [0.9922391772270203, 0.10278123617172241, 0.06998125463724136]]], "T": [[-0.0, 4.284083843231201e-08, 1.4999998807907104]], "extension": "png"}, {"posn": 36, "image_path": "data/renders/005-teapot_2020-08-25T00:52:05/phong/36_phong.png", "render_type": "phong", "R": [[[0.17364820837974548, -0.8164426684379578, -0.5506975054740906], [-0.0, 0.559192955493927, -0.829037606716156], [0.9848077893257141, 0.1439608931541443, 0.09710284322500229]]], "T": [[-0.0, -3.91155481338501e-08, 1.5]], "extension": "png"}, {"posn": 37, "image_path": "data/renders/005-teapot_2020-08-25T00:52:05/phong/37_phong.png", "render_type": "phong", "R": [[[0.22252078354358673, -0.7887333035469055, -0.5730482935905457], [-0.0, 0.5877853035926819, -0.80901700258255], [0.9749279022216797, 0.18002311885356903, 0.1307944506406784]]], "T": [[2.9802322387695312e-08, -5.21540641784668e-08, 1.5]], "extension": "png"}, {"posn": 38, "image_path": "data/renders/005-teapot_2020-08-25T00:52:05/phong/38_phong.png", "render_type": "phong", "R": [[[0.27084046602249146, -0.7812408208847046, -0.5624128580093384], [-0.0, 0.5842496156692505, -0.8115739822387695], [0.9626242518424988, 0.21980707347393036, 0.15823844075202942]]], "T": [[-0.0, 5.587935447692871e-08, 1.5000001192092896]], "extension": "png"}, {"posn": 39, "image_path": "data/renders/005-teapot_2020-08-25T00:52:05/phong/39_phong.png", "render_type": "phong", "R": [[[0.3184865415096283, -0.7717223763465881, -0.5504642128944397], [-0.0, 0.5807029604911804, -0.8141155242919922], [0.9479273557662964, 0.2592848241329193, 0.18494607508182526]]], "T": [[-0.0, -8.195638656616211e-08, 1.5]], "extension": "png"}, {"posn": 40, "image_path": "data/renders/005-teapot_2020-08-25T00:52:05/phong/40_phong.png", "render_type": "phong", "R": [[[0.36534106731414795, -0.7601901888847351, -0.5372492671012878], [-0.0, 0.5771451592445374, -0.8166415691375732], [0.9308737516403198, 0.2983526885509491, 0.21085482835769653]]], "T": [[-0.0, -2.9802322387695312e-08, 1.4999998807907104]], "extension": "png"}, {"posn": 41, "image_path": "data/renders/005-teapot_2020-08-25T00:52:05/phong/41_phong.png", "render_type": "phong", "R": [[[0.4112870395183563, -0.7466619610786438, -0.5228182673454285], [-0.0, 0.5735764503479004, -0.8191520571708679], [0.9115058779716492, 0.33690664172172546, 0.2359045296907425]]], "T": [[-2.9802322387695312e-08, 2.9802322387695312e-08, 1.5]], "extension": "png"}, {"posn": 42, "image_path": "data/renders/005-teapot_2020-08-25T00:52:05/phong/42_phong.png", "render_type": "phong", "R": [[[0.45621055364608765, -0.7311605215072632, -0.5072240233421326], [-0.0, 0.56999671459198, -0.8216469883918762], [0.8898718357086182, 0.3748440146446228, 0.2600385248661041]]], "T": [[2.9802322387695312e-08, -7.450580596923828e-08, 1.5000001192092896]], "extension": "png"}, {"posn": 43, "image_path": "data/renders/005-teapot_2020-08-25T00:52:05/phong/43_phong.png", "render_type": "phong", "R": [[[0.5000000596046448, -0.7137141823768616, -0.490522176027298], [-0.0, 0.56640625, -0.8241261839866638], [0.8660253882408142, 0.4120631515979767, 0.2832031548023224]]], "T": [[2.9802322387695312e-08, 5.960464477539063e-08, 1.5]], "extension": "png"}, {"posn": 44, "image_path": "data/renders/005-teapot_2020-08-25T00:52:05/phong/44_phong.png", "render_type": "phong", "R": [[[0.5425462126731873, -0.6943568587303162, -0.4727707803249359], [-0.0, 0.5628049373626709, -0.8265897631645203], [0.8400260210037231, 0.4484630823135376, 0.3053476810455322]]], "T": [[2.9802322387695312e-08, 2.9802322387695312e-08, 1.5]], "extension": "png"}, {"posn": 45, "image_path": "data/renders/005-teapot_2020-08-25T00:52:05/phong/45_phong.png", "render_type": "phong", "R": [[[0.5837437510490417, -0.6731271147727966, -0.45402994751930237], [-0.0, 0.5591928958892822, -0.829037606716156], [0.8119379878044128, 0.4839455187320709, 0.32642534375190735]]], "T": [[-2.9802322387695312e-08, 4.470348358154297e-08, 1.5]], "extension": "png"}, {"posn": 46, "image_path": "data/renders/005-teapot_2020-08-25T00:52:05/phong/46_phong.png", "render_type": "phong", "R": [[[0.6234896779060364, -0.632515013217926, -0.45954903960227966], [-0.0, 0.5877852439880371, -0.80901700258255], [0.7818314433097839, 0.5044137835502625, 0.3664780855178833]]], "T": [[2.9802322387695312e-08, -2.9802322387695312e-08, 1.5]], "extension": "png"}, {"posn": 47, "image_path": "data/renders/005-teapot_2020-08-25T00:52:05/phong/47_phong.png", "render_type": "phong", "R": [[[0.6616858839988708, -0.6085029244422913, -0.43805932998657227], [-0.0, 0.5842496752738953, -0.8115739822387695], [0.7497811317443848, 0.5370070934295654, 0.38658973574638367]]], "T": [[-0.0, -0.0, 1.5000001192092896]], "extension": "png"}, {"posn": 48, "image_path": "data/renders/005-teapot_2020-08-25T00:52:05/phong/48_phong.png", "render_type": "phong", "R": [[[0.6982369422912598, -0.582798182964325, -0.4157058894634247], [-0.0, 0.5807029008865356, -0.8141155242919922], [0.7158666849136353, 0.5684455633163452, 0.40546825528144836]]], "T": [[2.9802322387695312e-08, 2.9802322387695312e-08, 1.5]], "extension": "png"}, {"posn": 49, "image_path": "data/renders/005-teapot_2020-08-25T00:52:05/phong/49_phong.png", "render_type": "phong", "R": [[[0.7330518364906311, -0.5554574131965637, -0.3925584852695465], [-0.0, 0.5771452188491821, -0.8166415691375732], [0.680172860622406, 0.5986406207084656, 0.4230773150920868]]], "T": [[-2.9802322387695312e-08, -0.0, 1.5]], "extension": "png"}, {"posn": 50, "image_path": "data/renders/005-teapot_2020-08-25T00:52:05/phong/50_phong.png", "render_type": "phong", "R": [[[0.7660443782806396, -0.5265407562255859, -0.36868786811828613], [-0.0, 0.5735764503479004, -0.8191520571708679], [0.6427875757217407, 0.6275068521499634, 0.4393850564956665]]], "T": [[-0.0, -0.0, 1.5000001192092896]], "extension": "png"}, {"posn": 51, "image_path": "data/renders/005-teapot_2020-08-25T00:52:05/phong/51_phong.png", "render_type": "phong", "R": [[[0.7971325516700745, -0.49611401557922363, -0.34416645765304565], [-0.0, 0.56999671459198, -0.8216469287872314], [0.603804349899292, 0.6549615859985352, 0.4543628990650177]]], "T": [[2.9802322387695312e-08, -2.9802322387695312e-08, 1.5]], "extension": "png"}, {"posn": 52, "image_path": "data/renders/005-teapot_2020-08-25T00:52:05/phong/52_phong.png", "render_type": "phong", "R": [[[0.8262386322021484, -0.4642469882965088, -0.31906813383102417], [-0.0, 0.56640625, -0.8241261839866638], [0.5633202791213989, 0.6809248924255371, 0.46798673272132874]]], "T": [[-0.0, 5.960464477539063e-08, 1.5]], "extension": "png"}, {"posn": 53, "image_path": "data/renders/005-teapot_2020-08-25T00:52:05/phong/53_phong.png", "render_type": "phong", "R": [[[0.853290855884552, -0.4310131072998047, -0.29346635937690735], [-0.0, 0.5628049373626709, -0.8265897631645203], [0.5214353203773499, 0.7053214907646179, 0.480236291885376]]], "T": [[-0.0, 1.1920928955078125e-07, 1.5]], "extension": "png"}, {"posn": 54, "image_path": "data/renders/005-teapot_2020-08-25T00:52:05/phong/54_phong.png", "render_type": "phong", "R": [[[0.8782215714454651, -0.39649054408073425, -0.2674362361431122], [-0.0, 0.5591928958892822, -0.829037606716156], [0.4782539904117584, 0.7280787229537964, 0.49109527468681335]]], "T": [[-0.0, 5.960464477539063e-08, 1.5]], "extension": "png"}, {"posn": 55, "image_path": "data/renders/005-teapot_2020-08-25T00:52:05/phong/55_phong.png", "render_type": "phong", "R": [[[0.9009689092636108, -0.3510192036628723, -0.2550303637981415], [-0.0, 0.5877852439880371, -0.80901700258255], [0.43388357758522034, 0.7288991808891296, 0.5295762419700623]]], "T": [[-0.0, -0.0, 1.5]], "extension": "png"}, {"posn": 56, "image_path": "data/renders/005-teapot_2020-08-25T00:52:05/phong/56_phong.png", "render_type": "phong", "R": [[[0.9214761853218079, -0.3152436912059784, -0.2269429713487625], [-0.0, 0.5842496752738953, -0.8115739822387695], [0.3884349465370178, 0.7478461265563965, 0.5383720993995667]]], "T": [[-2.9802322387695312e-08, -0.0, 1.5]], "extension": "png"}, {"posn": 57, "image_path": "data/renders/005-teapot_2020-08-25T00:52:05/phong/57_phong.png", "render_type": "phong", "R": [[[0.9396925568580627, -0.27844399213790894, -0.19861215353012085], [-0.0, 0.5807029604911804, -0.8141155242919922], [0.3420202136039734, 0.7650183439254761, 0.5456822514533997]]], "T": [[-0.0, -0.0, 1.5]], "extension": "png"}, {"posn": 58, "image_path": "data/renders/005-teapot_2020-08-25T00:52:05/phong/58_phong.png", "render_type": "phong", "R": [[[0.9555728435516357, -0.24070928990840912, -0.17011649906635284], [-0.0, 0.5771452188491821, -0.8166415691375732], [0.29475513100624084, 0.7803605198860168, 0.5515042543411255]]], "T": [[-1.4901161193847656e-08, -0.0, 1.5]], "extension": "png"}, {"posn": 59, "image_path": "data/renders/005-teapot_2020-08-25T00:52:05/phong/59_phong.png", "render_type": "phong", "R": [[[0.9690772891044617, -0.20213188230991364, -0.14153426885604858], [-0.0, 0.5735764503479004, -0.8191520571708679], [0.24675746262073517, 0.7938216328620911, 0.5558398962020874]]], "T": [[-1.4901161193847656e-08, -0.0, 1.5]], "extension": "png"}, {"posn": 60, "image_path": "data/renders/005-teapot_2020-08-25T00:52:05/phong/60_phong.png", "render_type": "phong", "R": [[[0.9801724553108215, -0.16280633211135864, -0.11294273287057877], [-0.0, 0.56999671459198, -0.8216469287872314], [0.19814631342887878, 0.8053557276725769, 0.5586950182914734]]], "T": [[-0.0, -5.960464477539063e-08, 1.4999998807907104]], "extension": "png"}, {"posn": 61, "image_path": "data/renders/005-teapot_2020-08-25T00:52:05/phong/61_phong.png", "render_type": "phong", "R": [[[0.9888308048248291, -0.12282968312501907, -0.08441850543022156], [-0.0, 0.56640625, -0.8241261839866638], [0.14904232323169708, 0.8149213790893555, 0.5600799322128296]]], "T": [[-1.4901161193847656e-08, -0.0, 1.5]], "extension": "png"}, {"posn": 62, "image_path": "data/renders/005-teapot_2020-08-25T00:52:05/phong/62_phong.png", "render_type": "phong", "R": [[[0.9950307607650757, -0.08230169862508774, -0.05603723227977753], [-0.0, 0.5628049373626709, -0.8265897631645203], [0.09956777095794678, 0.8224822282791138, 0.5600082278251648]]], "T": [[-0.0, -0.0, 1.4999998807907104]], "extension": "png"}, {"posn": 63, "image_path": "data/renders/005-teapot_2020-08-25T00:52:05/phong/63_phong.png", "render_type": "phong", "R": [[[0.9987569451332092, -0.04132414609193802, -0.027873488143086433], [-0.0, 0.5591928958892822, -0.829037606716156], [0.04984592646360397, 0.8280070424079895, 0.5584977865219116]]], "T": [[-3.725290298461914e-09, -0.0, 1.5]], "extension": "png"}, {"posn": 64, "image_path": "data/renders/005-teapot_2020-08-25T00:52:05/phong/64_phong.png", "render_type": "phong", "R": [[[1.0, 7.072650731743124e-08, 5.138581471442194e-08], [0.0, 0.5877852439880371, -0.80901700258255], [-8.74227694680485e-08, 0.80901700258255, 0.5877852439880371]]], "T": [[-0.0, -5.960464477539063e-08, 1.5]], "extension": "png"}], "silhouette": [{"posn": 1, "image_path": "data/renders/005-teapot_2020-08-25T00:52:05/silhouette/1_silhouette.png", "render_type": "silhouette", "R": [[[-1.0, 0.0, 0.0], [0.0, 0.5877852439880371, -0.80901700258255], [-0.0, -0.80901700258255, -0.5877852439880371]]], "T": [[-0.0, -5.960464477539063e-08, 1.5]], "extension": "png"}, {"posn": 2, "image_path": "data/renders/005-teapot_2020-08-25T00:52:05/silhouette/2_silhouette.png", "render_type": "silhouette", "R": [[[-0.9987568855285645, -0.040453627705574036, -0.02912244014441967], [0.0, 0.5842496156692505, -0.8115739822387695], [0.04984588548541069, -0.810565173625946, -0.5835233330726624]]], "T": [[-0.0, 5.960464477539063e-08, 1.5]], "extension": "png"}, {"posn": 3, "image_path": "data/renders/005-teapot_2020-08-25T00:52:05/silhouette/3_silhouette.png", "render_type": "silhouette", "R": [[[-0.9950307607650757, -0.08105973899364471, -0.057819340378046036], [0.0, 0.5807029604911804, -0.8141155242919922], [0.09956785291433334, -0.8100700378417969, -0.5778172612190247]]], "T": [[-7.450580596923828e-09, -0.0, 1.5]], "extension": "png"}, {"posn": 4, "image_path": "data/renders/005-teapot_2020-08-25T00:52:05/silhouette/4_silhouette.png", "render_type": "silhouette", "R": [[[-0.9888308048248291, -0.12171411514282227, -0.08601901680231094], [0.0, 0.5771452188491821, -0.8166415691375732], [0.1490422636270523, -0.8075203895568848, -0.5706989169120789]]], "T": [[-1.4901161193847656e-08, -5.960464477539063e-08, 1.4999998807907104]], "extension": "png"}, {"posn": 5, "image_path": "data/renders/005-teapot_2020-08-25T00:52:05/silhouette/5_silhouette.png", "render_type": "silhouette", "R": [[[-0.9801724553108215, -0.16231180727481842, -0.11365196108818054], [0.0, 0.5735764503479004, -0.8191520571708679], [0.19814611971378326, -0.8029102683067322, -0.5622038841247559]]], "T": [[-0.0, -0.0, 1.5000001192092896]], "extension": "png"}, {"posn": 6, "image_path": "data/renders/005-teapot_2020-08-25T00:52:05/silhouette/6_silhouette.png", "render_type": "silhouette", "R": [[[-0.9690773487091064, -0.20274744927883148, -0.1406508833169937], [0.0, 0.56999671459198, -0.8216469287872314], [0.2467573881149292, -0.79623943567276, -0.5523708462715149]]], "T": [[-0.0, -5.960464477539063e-08, 1.5]], "extension": "png"}, {"posn": 7, "image_path": "data/renders/005-teapot_2020-08-25T00:52:05/silhouette/7_silhouette.png", "render_type": "silhouette", "R": [[[-0.9555728435516357, -0.24291545152664185, -0.16695116460323334], [0.0, 0.56640625, -0.8241261839866638], [0.29475516080856323, -0.7875126004219055, -0.5412424206733704]]], "T": [[-1.4901161193847656e-08, 5.960464477539063e-08, 1.5000001192092896]], "extension": "png"}, {"posn": 8, "image_path": "data/renders/005-teapot_2020-08-25T00:52:05/silhouette/8_silhouette.png", "render_type": "silhouette", "R": [[[-0.9396926760673523, -0.28271034359931946, -0.1924906224012375], [0.0, 0.5628048777580261, -0.8265897631645203], [0.342020183801651, -0.7767402529716492, -0.5288636088371277]]], "T": [[-2.9802322387695312e-08, 5.960464477539063e-08, 1.4999998807907104]], "extension": "png"}, {"posn": 9, "image_path": "data/renders/005-teapot_2020-08-25T00:52:05/silhouette/9_silhouette.png", "render_type": "silhouette", "R": [[[-0.9214763045310974, -0.3220270276069641, -0.21720997989177704], [0.0, 0.5591928958892822, -0.829037606716156], [0.3884347975254059, -0.7639383673667908, -0.5152829885482788]]], "T": [[-0.0, -0.0, 1.5]], "extension": "png"}, {"posn": 10, "image_path": "data/renders/005-teapot_2020-08-25T00:52:05/silhouette/10_silhouette.png", "render_type": "silhouette", "R": [[[-0.9009688496589661, -0.3510192930698395, -0.25503045320510864], [0.0, 0.5877852439880371, -0.80901700258255], [0.4338836967945099, -0.7288991212844849, -0.5295762419700623]]], "T": [[-0.0, -5.960464477539063e-08, 1.5]], "extension": "png"}, {"posn": 11, "image_path": "data/renders/005-teapot_2020-08-25T00:52:05/silhouette/11_silhouette.png", "render_type": "silhouette", "R": [[[-0.8782215714454651, -0.3881385028362274, -0.2794196903705597], [0.0, 0.5842496752738953, -0.8115739822387695], [0.47825396060943604, -0.7127418518066406, -0.5131006240844727]]], "T": [[-0.0, -0.0, 1.5000001192092896]], "extension": "png"}, {"posn": 12, "image_path": "data/renders/005-teapot_2020-08-25T00:52:05/silhouette/12_silhouette.png", "render_type": "silhouette", "R": [[[-0.853290855884552, -0.4245084822177887, -0.30279895663261414], [0.0, 0.5807029008865356, -0.8141155242919922], [0.5214352011680603, -0.6946773529052734, -0.4955085217952728]]], "T": [[-2.9802322387695312e-08, -0.0, 1.5]], "extension": "png"}, {"posn": 13, "image_path": "data/renders/005-teapot_2020-08-25T00:52:05/silhouette/13_silhouette.png", "render_type": "silhouette", "R": [[[-0.8262388110160828, -0.46003055572509766, -0.32511743903160095], [0.0, 0.5771451592445374, -0.8166415691375732], [0.5633200407028198, -0.6747409701347351, -0.4768597185611725]]], "T": [[2.9802322387695312e-08, -0.0, 1.5]], "extension": "png"}, {"posn": 14, "image_path": "data/renders/005-teapot_2020-08-25T00:52:05/silhouette/14_silhouette.png", "render_type": "silhouette", "R": [[[-0.7971324920654297, -0.4946075975894928, -0.3463279902935028], [0.0, 0.5735765099525452, -0.8191520571708679], [0.603804349899292, -0.6529727578163147, -0.4572164714336395]]], "T": [[-0.0, -2.9802322387695312e-08, 1.5000001192092896]], "extension": "png"}, {"posn": 15, "image_path": "data/renders/005-teapot_2020-08-25T00:52:05/silhouette/15_silhouette.png", "render_type": "silhouette", "R": [[[-0.7660444378852844, -0.5281445384025574, -0.3663868308067322], [0.0, 0.5699967741966248, -0.8216469287872314], [0.6427876353263855, -0.629418134689331, -0.4366428256034851]]], "T": [[-0.0, -2.9802322387695312e-08, 1.5]], "extension": "png"}, {"posn": 16, "image_path": "data/renders/005-teapot_2020-08-25T00:52:05/silhouette/16_silhouette.png", "render_type": "silhouette", "R": [[[-0.7330518364906311, -0.5605481863021851, -0.3852541148662567], [0.0, 0.56640625, -0.8241261839866638], [0.6801728010177612, -0.6041272282600403, -0.4152051508426666]]], "T": [[-2.9802322387695312e-08, 5.960464477539063e-08, 1.5]], "extension": "png"}, {"posn": 17, "image_path": "data/renders/005-teapot_2020-08-25T00:52:05/silhouette/17_silhouette.png", "render_type": "silhouette", "R": [[[-0.6982368230819702, -0.5917282104492188, -0.40289342403411865], [0.0, 0.5628049373626709, -0.8265897631645203], [0.7158669233322144, -0.577155351638794, -0.39297112822532654]]], "T": [[-0.0, 2.9802322387695312e-08, 1.5]], "extension": "png"}, {"posn": 18, "image_path": "data/renders/005-teapot_2020-08-25T00:52:05/silhouette/18_silhouette.png", "render_type": "silhouette", "R": [[[-0.6616858243942261, -0.6215968728065491, -0.4192723333835602], [0.0, 0.5591928958892822, -0.829037606716156], [0.7497812509536743, -0.5485624074935913, -0.37001001834869385]]], "T": [[-2.9802322387695312e-08, 2.9802322387695312e-08, 1.5]], "extension": "png"}, {"posn": 19, "image_path": "data/renders/005-teapot_2020-08-25T00:52:05/silhouette/19_silhouette.png", "render_type": "silhouette", "R": [[[-0.6234897375106812, -0.6325149536132812, -0.45954903960227966], [0.0, 0.5877852439880371, -0.80901700258255], [0.7818314433097839, -0.5044137835502625, -0.3664781153202057]]], "T": [[-2.9802322387695312e-08, -5.960464477539063e-08, 1.5]], "extension": "png"}, {"posn": 20, "image_path": "data/renders/005-teapot_2020-08-25T00:52:05/silhouette/20_silhouette.png", "render_type": "silhouette", "R": [[[-0.5837437510490417, -0.658947765827179, -0.4743744432926178], [0.0, 0.5842496156692505, -0.8115739822387695], [0.8119380474090576, -0.4737512469291687, -0.34105202555656433]]], "T": [[-0.0, 4.470348358154297e-08, 1.5]], "extension": "png"}, {"posn": 21, "image_path": "data/renders/005-teapot_2020-08-25T00:52:05/silhouette/21_silhouette.png", "render_type": "silhouette", "R": [[[-0.5425462126731873, -0.6838781833648682, -0.4878055155277252], [0.0, 0.5807029604911804, -0.8141155242919922], [0.8400259017944336, -0.44169533252716064, -0.3150582015514374]]], "T": [[-2.9802322387695312e-08, 2.9802322387695312e-08, 1.5]], "extension": "png"}, {"posn": 22, "image_path": "data/renders/005-teapot_2020-08-25T00:52:05/silhouette/22_silhouette.png", "render_type": "silhouette", "R": [[[-0.5, -0.7072323560714722, -0.4998224079608917], [0.0, 0.5771452188491821, -0.8166415691375732], [0.866025447845459, -0.4083207845687866, -0.2885725796222687]]], "T": [[2.9802322387695312e-08, -2.9802322387695312e-08, 1.5]], "extension": "png"}, {"posn": 23, "image_path": "data/renders/005-teapot_2020-08-25T00:52:05/silhouette/23_silhouette.png", "render_type": "silhouette", "R": [[[-0.4562106132507324, -0.7289403080940247, -0.5104095339775085], [0.0, 0.5735764503479004, -0.8191520571708679], [0.8898717761039734, -0.3737058639526367, -0.26167169213294983]]], "T": [[-0.0, -1.4901161193847656e-08, 1.5]], "extension": "png"}, {"posn": 24, "image_path": "data/renders/005-teapot_2020-08-25T00:52:05/silhouette/24_silhouette.png", "render_type": "silhouette", "R": [[[-0.4112870395183563, -0.7489359974861145, -0.5195553302764893], [0.0, 0.56999671459198, -0.8216469287872314], [0.9115058183670044, -0.3379327654838562, -0.23443226516246796]]], "T": [[-0.0, -8.195638656616211e-08, 1.5]], "extension": "png"}, {"posn": 25, "image_path": "data/renders/005-teapot_2020-08-25T00:52:05/silhouette/25_silhouette.png", "render_type": "silhouette", "R": [[[-0.36534106731414795, -0.7671573758125305, -0.527252733707428], [0.0, 0.5664063096046448, -0.8241261839866638], [0.9308738112449646, -0.3010871112346649, -0.206931471824646]]], "T": [[-2.9802322387695312e-08, -8.940696716308594e-08, 1.5]], "extension": "png"}, {"posn": 26, "image_path": "data/renders/005-teapot_2020-08-25T00:52:05/silhouette/26_silhouette.png", "render_type": "silhouette", "R": [[[-0.31848660111427307, -0.7835469841957092, -0.533498227596283], [0.0, 0.5628049373626709, -0.8265897631645203], [0.9479274153709412, -0.2632577419281006, -0.17924582958221436]]], "T": [[-0.0, 7.450580596923828e-09, 1.5]], "extension": "png"}, {"posn": 27, "image_path": "data/renders/005-teapot_2020-08-25T00:52:05/silhouette/27_silhouette.png", "render_type": "silhouette", "R": [[[-0.27084052562713623, -0.7980515956878662, -0.538292646408081], [0.0, 0.5591928958892822, -0.829037606716156], [0.9626242518424988, -0.2245369553565979, -0.15145209431648254]]], "T": [[-0.0, -6.332993507385254e-08, 1.5000001192092896]], "extension": "png"}, {"posn": 28, "image_path": "data/renders/005-teapot_2020-08-25T00:52:05/silhouette/28_silhouette.png", "render_type": "silhouette", "R": [[[-0.2225208580493927, -0.7887333035469055, -0.5730482339859009], [0.0, 0.5877852439880371, -0.80901700258255], [0.9749279022216797, -0.1800231784582138, -0.1307944804430008]]], "T": [[-0.0, -3.3527612686157227e-08, 1.5]], "extension": "png"}, {"posn": 29, "image_path": "data/renders/005-teapot_2020-08-25T00:52:05/silhouette/29_silhouette.png", "render_type": "silhouette", "R": [[[-0.17364822328090668, -0.7992444038391113, -0.5753735303878784], [0.0, 0.5842496156692505, -0.8115739822387695], [0.9848077893257141, -0.14092837274074554, -0.10145390033721924]]], "T": [[-1.4901161193847656e-08, 1.6763806343078613e-08, 1.5000001192092896]], "extension": "png"}, {"posn": 30, "image_path": "data/renders/005-teapot_2020-08-25T00:52:05/silhouette/30_silhouette.png", "render_type": "silhouette", "R": [[[-0.12434374541044235, -0.807797372341156, -0.5761961936950684], [0.0, 0.5807029604911804, -0.8141155242919922], [0.992239236831665, -0.10123017430305481, -0.0722067728638649]]], "T": [[-7.450580596923828e-09, -1.7695128917694092e-08, 1.4999998807907104]], "extension": "png"}, {"posn": 31, "image_path": "data/renders/005-teapot_2020-08-25T00:52:05/silhouette/31_silhouette.png", "render_type": "silhouette", "R": [[[-0.07473012804985046, -0.814358115196228, -0.5755313634872437], [0.0, 0.5771452188491821, -0.8166415691375732], [0.9972038269042969, -0.06102772802114487, -0.04313012957572937]]], "T": [[7.450580596923828e-09, -1.1175870895385742e-08, 1.5]], "extension": "png"}, {"posn": 32, "image_path": "data/renders/005-teapot_2020-08-25T00:52:05/silhouette/32_silhouette.png", "render_type": "silhouette", "R": [[[-0.024930711835622787, -0.8188974261283875, -0.5733981728553772], [0.0, 0.5735764503479004, -0.8191520571708679], [0.9996891617774963, -0.020422043278813362, -0.014299669302999973]]], "T": [[-1.862645149230957e-09, -5.1426468417048454e-08, 1.5000001192092896]], "extension": "png"}, {"posn": 33, "image_path": "data/renders/005-teapot_2020-08-25T00:52:05/silhouette/33_silhouette.png", "render_type": "silhouette", "R": [[[0.02493068017065525, -0.8213916420936584, -0.5698195099830627], [-0.0, 0.56999671459198, -0.8216469883918762], [0.9996892213821411, 0.02048421837389469, 0.014210403896868229]]], "T": [[-0.0, -3.009336069226265e-08, 1.5000001192092896]], "extension": "png"}, {"posn": 34, "image_path": "data/renders/005-teapot_2020-08-25T00:52:05/silhouette/34_silhouette.png", "render_type": "silhouette", "R": [[[0.07473009824752808, -0.8218218088150024, -0.5648224949836731], [-0.0, 0.5664063096046448, -0.8241261839866638], [0.9972038269042969, 0.06158703193068504, 0.04232759401202202]]], "T": [[-0.0, -5.681067705154419e-08, 1.5]], "extension": "png"}, {"posn": 35, "image_path": "data/renders/005-teapot_2020-08-25T00:52:05/silhouette/35_silhouette.png", "render_type": "silhouette", "R": [[[0.12434370815753937, -0.8201747536659241, -0.5584371089935303], [-0.0, 0.5628049373626709, -0.8265897631645203], [0.9922391772270203, 0.10278123617172241, 0.06998125463724136]]], "T": [[-0.0, 4.284083843231201e-08, 1.4999998807907104]], "extension": "png"}, {"posn": 36, "image_path": "data/renders/005-teapot_2020-08-25T00:52:05/silhouette/36_silhouette.png", "render_type": "silhouette", "R": [[[0.17364820837974548, -0.8164426684379578, -0.5506975054740906], [-0.0, 0.559192955493927, -0.829037606716156], [0.9848077893257141, 0.1439608931541443, 0.09710284322500229]]], "T": [[-0.0, -3.91155481338501e-08, 1.5]], "extension": "png"}, {"posn": 37, "image_path": "data/renders/005-teapot_2020-08-25T00:52:05/silhouette/37_silhouette.png", "render_type": "silhouette", "R": [[[0.22252078354358673, -0.7887333035469055, -0.5730482935905457], [-0.0, 0.5877853035926819, -0.80901700258255], [0.9749279022216797, 0.18002311885356903, 0.1307944506406784]]], "T": [[2.9802322387695312e-08, -5.21540641784668e-08, 1.5]], "extension": "png"}, {"posn": 38, "image_path": "data/renders/005-teapot_2020-08-25T00:52:05/silhouette/38_silhouette.png", "render_type": "silhouette", "R": [[[0.27084046602249146, -0.7812408208847046, -0.5624128580093384], [-0.0, 0.5842496156692505, -0.8115739822387695], [0.9626242518424988, 0.21980707347393036, 0.15823844075202942]]], "T": [[-0.0, 5.587935447692871e-08, 1.5000001192092896]], "extension": "png"}, {"posn": 39, "image_path": "data/renders/005-teapot_2020-08-25T00:52:05/silhouette/39_silhouette.png", "render_type": "silhouette", "R": [[[0.3184865415096283, -0.7717223763465881, -0.5504642128944397], [-0.0, 0.5807029604911804, -0.8141155242919922], [0.9479273557662964, 0.2592848241329193, 0.18494607508182526]]], "T": [[-0.0, -8.195638656616211e-08, 1.5]], "extension": "png"}, {"posn": 40, "image_path": "data/renders/005-teapot_2020-08-25T00:52:05/silhouette/40_silhouette.png", "render_type": "silhouette", "R": [[[0.36534106731414795, -0.7601901888847351, -0.5372492671012878], [-0.0, 0.5771451592445374, -0.8166415691375732], [0.9308737516403198, 0.2983526885509491, 0.21085482835769653]]], "T": [[-0.0, -2.9802322387695312e-08, 1.4999998807907104]], "extension": "png"}, {"posn": 41, "image_path": "data/renders/005-teapot_2020-08-25T00:52:05/silhouette/41_silhouette.png", "render_type": "silhouette", "R": [[[0.4112870395183563, -0.7466619610786438, -0.5228182673454285], [-0.0, 0.5735764503479004, -0.8191520571708679], [0.9115058779716492, 0.33690664172172546, 0.2359045296907425]]], "T": [[-2.9802322387695312e-08, 2.9802322